--
header: 
  seq: 3993
  stamp: 
    secs: 133
    nsecs: 745000000
  frame_id: "map"
child_frame_id: "base_link"
pose: 
  pose: 
    position: 
      x: 0.08866657316684723
      y: 2.4046757221221924
      z: 0.991729736328125
    orientation: 
      x: -0.011332538140929235
      y: -0.0019417527261013756
      z: -0.6279766789682912
      w: -0.7781472173016227
  covariance: [0.0, 0.0, 0.0, 0.0, 0.0, 0.0, 0.0, 0.0, 0.0, 0.0, 0.0, 0.0, 0.0, 0.0, 0.0, 0.0, 0.0, 0.0, 0.0, 0.0, 0.0, 0.0, 0.0, 0.0, 0.0, 0.0, 0.0, 0.0, 0.0, 0.0, 0.0, 0.0, 0.0, 0.0, 0.0, 0.0]
twist: 
  twist: 
    linear: 
      x: -0.03958690345347778
      y: 0.0656720294420468
      z: 0.02664101732958914
    angular: 
      x: 0.0441979318857193
      y: 0.03218966722488403
      z: -0.0003203944652341346
  covariance: [0.0, 0.0, 0.0, 0.0, 0.0, 0.0, 0.0, 0.0, 0.0, 0.0, 0.0, 0.0, 0.0, 0.0, 0.0, 0.0, 0.0, 0.0, 0.0, 0.0, 0.0, 0.0, 0.0, 0.0, 0.0, 0.0, 0.0, 0.0, 0.0, 0.0, 0.0, 0.0, 0.0, 0.0, 0.0, 0.0]
---